-- Sample 1
111100011000101101001011001100100011111001010000000110101000110110110101001011110101000000011101101
110110001010010000101000110000110101011111010001011001011011100101110000100000010010110010111011100
011001110010100101100101110111000000010100010110011111101100011001011001100010101011001111110110001
011101001000000010111100010011110010000000001000111111011001111110010110011001110111101011000111110
111010000101000100101010011101011110101100011111000001010111111000000100111100111110100001011110100
111100011000101101001011001100100011111001010000000110101000110110110101001011110101000000011101101
110110001010010000101000110000110101011111010001011001011011100101110000100000010010110010111011100
011001110010100101100101110111000000010100010110011111101100011001011001100010101011001111110110001
011101001000000010111100010011110010000000001000111111011001111110010110011001110111101011000111110
111010000101000100101010011101011110101100011111000001010111111000000100111100111110100001011110100

Sample 2
011001110010100101100101110111000000010100010110011111101100011001011001100010101011001111110110001
110110001010010000101000110000110101011111010001011001011011100101110000100000010010110010111011100
111100011000101101001011001100100011111001010000000110101000110110110101001011110101000000011101101
111010000101000100101010011101011110101100011111000001010111111000000100111100111110100001011110100
011101001000000010111100010011110010000000001000111111011001111110010110011001110111101011000111110
010001111110110011111100101100110011101111010110001111100000010100010110011111101100011001011010001
110110001010010000101000110000110101011111010001011001011011100101110000100000010010110010111011100
011001110010100101100101110111000000010100010110011111101100011001011001100010101011001111110110001
011101001000000010111100010011110010000000001000111111011001111110010110011001110111101011000111110
011010000101000100101010011101011110101100011111001001010111011000000100111100111110100001011110101